{rh_FFJ1: 1.4148900000000002, rh_FFJ2: 1.0712300000000003, rh_FFJ3: 0.6830799999999999,
  rh_FFJ4: 0.01773, rh_LFJ1: 1.3625899999999997, rh_LFJ2: 1.09732, rh_LFJ3: 0.7408800000000001,
  rh_LFJ4: 0.02136, rh_LFJ5: 0, rh_MFJ1: 1.5462900000000002, rh_MFJ2: 1.14599, rh_MFJ3: 0.7020700000000001,
  rh_MFJ4: 0.02157, rh_RFJ1: 1.3125000000000004, rh_RFJ2: 1.0613400000000002, rh_RFJ3: 0.70087,
  rh_RFJ4: 0.02147, rh_THJ1: 0, rh_THJ2: 0, rh_THJ3: 0, rh_THJ4: 0, rh_THJ5: 0, rh_WRJ1: 0,
  rh_WRJ2: 0}
