{rh_FFJ1: 0.6136799999999997, rh_FFJ2: 0, rh_FFJ3: 0, rh_FFJ4: 0, rh_LFJ1: 0.5231000000000002,
  rh_LFJ2: 0, rh_LFJ3: 0, rh_LFJ4: 0, rh_LFJ5: 0, rh_MFJ1: 0.6428499999999995, rh_MFJ2: 0,
  rh_MFJ3: 0, rh_MFJ4: 0, rh_RFJ1: 0.6572999999999999, rh_RFJ2: 0, rh_RFJ3: 0, rh_RFJ4: 0,
  rh_THJ1: 0, rh_THJ2: 0, rh_THJ3: 0, rh_THJ4: 0, rh_THJ5: 0, rh_WRJ1: 0, rh_WRJ2: 0}
